%Inputs
%S_ref = 420;%m^2
L_fus = 71;%m
D_fus = 5.7;%m
R = 15343485.696; % m
C = 0.5 / 3600; % 1 / s
E = 1 / 6 * 3600; % s
c_f = 0.0026;
Swet_Sref = 7;
e = [0.8 0.8 0.8 0.83 0.7 0.7];
s_FL = 10000;%ft
M = 0.83;

W0_guess = 3.09116305819e6;
T0_guess = 1026000;
